239.23712238858405, 56.584945478574475
240.8087380132757, 57.035355356007386
242.29444526003576, 57.71764466882735
243.66025468531268, 58.61620426244855
243.78612545959095, 58.6167564774554
238.78612545959095, 61.34358313550558
233.4989798483612, 64.38137139168617
228.25042465630744, 67.48535827949587
223.04128869113697, 70.65505364342312
217.8723945358052, 73.88995695182535
212.74455841861908, 77.18955737597003
207.65859008434518, 80.55333387069993
202.61529266634193, 83.98075525671243
197.61546255973542, 87.47128030443889
192.65988929565935, 91.02435781951067
187.7493554165793, 94.63942672979937
182.88463635271836, 98.3159161740175
178.0665002996118, 102.05324559186175
173.29570809679495, 105.85082481569316
168.57301310766178, 109.70805416372923
163.89916110049825, 113.62432453474145
159.27489013071732, 117.59901750423927
154.70093042431137, 121.63150542212685
150.1780042625412, 125.7211515118156
145.706825867879, 129.86730997077973
141.28810129122473, 134.06932607253452
136.92252830041275, 138.32653627002617
132.61079627002562, 142.63826830041324
128.35358607253397, 147.00384129122529
124.15156997077924, 151.42256586787948
120.00541151181528, 155.89374426254165
115.91576542212619, 160.4166704243121
111.88327750423878, 164.99063013071788
107.90858453474078, 169.61490110049897
103.9923141637289, 174.28875310766222
100, 179
100.09872647775015, 177.53897296867734
99.35783522703517, 176.08112070093688
98.43576152104505, 174.7305529830258
97.34779263177353, 173.5096611876896
96.11196624560402, 172.43868676073578
94.74877141235945, 171.53538563344918
93.28080885263398, 170.8147338429247
91.7995148385775, 170.1224829975978
90.43803482995007, 169.2173769731057
89.22863692123903, 168.11728541879336
88.1989892563801, 166.84737580952407
87.37264772181, 165.43670065283195
86.76851704388376, 163.9175328367391
86.40041829375794, 162.32462730293622
86.27677269419773, 160.69442593648685
86.40040896205558, 159.06422386228434
86.76849859396617, 157.47131622141376
87.37262057576736, 155.95214494714327
88.19895403524923, 154.54146506027854
89.22859443079551, 153.27154955705666
90.43798604227405, 152.1714510798514
91.79946086981481, 151.26633726190536
93.28074943149038, 150.57407425582971
94.74869270448393, 149.85338317969865
96.11186336294134, 148.95004557068268
97.34766108706782, 147.8790380707156
98.43559730223505, 146.65811715940748
99.35763486377112, 145.30752476528608
100.09848709892947, 143.84965267020957
100.64587124815142, 142.3086712708661
100.99071210376123, 140.7101288522096
101.1272924699208, 139.08052801656868
101.05334794933425, 137.44688629090876
100.7701044852112, 135.83628819704006
100.28225803607252, 134.27543621110266
99.59789672037417, 132.7902080570746
98.72836672173152, 131.40522767403576
97.6880841779323, 130.1434569702197
96.55885020932008, 128.9598497003135
95.59672662317554, 127.63804678972195
94.84496333712464, 126.1862559331555
94.32075890480655, 124.63769064793111
94.0361058752249, 123.0277784198224
93.99751643178725, 121.39335020655662
94.20587340905756, 119.77179783321594
94.65641009560399, 118.20021855632925
95.33881928500428, 116.71456636699084
96.23748908018192, 115.34882944916976
97.33186005643094, 114.1342526110044
98.59689561209042, 113.09862247800264
100.00365474636513, 112.26563180122486
101.51995416049978, 111.65433742356473
103.11110453500925, 111.27872430456812
104.74070413869471, 111.14738557786433
106.37526700132017, 111.09172700000923
107.98959965203478, 110.830607922233
109.55699807082125, 110.36422259149506
111.05147599888609, 109.70030331743462
112.4482561430188, 108.84985737035831
113.72418096403338, 107.8269844891747
114.85809661093536, 106.64864311858095
115.83120363548156, 105.33436925110858
116.62736867255522, 103.9059525354113
117.23339191893608, 102.3870750206696
117.63922597587306, 100.80291852645195
117.83814242721849, 99.1797471475378
117.82684339138653, 97.54447181545112
117.60551619769039, 95.92420413593871
117.17783028056643, 94.34580689942447
116.58203520662133, 92.82207476181927
116.1390257382575, 91.24835708052952
115.93843239161589, 89.62582602112046
115.98484426474886, 87.99160123012742
116.27719956453036, 86.38306987881539
116.80880989795384, 84.83703133373919
117.56751328663574, 83.38885527487528
118.53595240391675, 82.07167252157795
119.69197166915886, 80.91561707833436
121.0091241146661, 79.94713674050696
122.45727642932137, 79.18838803176173
124.00329833698135, 78.65672931557307
125.611820538294, 78.36432367720701
127.24604361239881, 78.31786835736088
128.86857547229044, 78.51845522906619
130.44229492145826, 78.96145841728833
131.96603654118312, 79.55722902052815
133.54444385956305, 79.9848777282622
135.16471675621136, 80.20616672556837
136.7999923542081, 80.217427211277
138.4231590433978, 80.01847249520631
140.0073059700086, 79.6126010933418
141.52616919788454, 79.00654204098123
142.95456714432243, 78.21034333051131
144.2688180713216, 77.23720532343125
145.44713271056375, 76.10326189852438
146.46997551270255, 74.82731296457179
147.3203885317283, 73.43051277234191
147.98427257465409, 71.93601919340276
148.45062095527842, 70.36860978044422
148.7117019765665, 68.7542709745348
148.76734107565585, 67.11970669669546
148.8987825178462, 65.4901153746951
149.27449592834003, 63.898988678721736
149.88588587907745, 62.38272779826571
150.71896522402812, 60.97602117125336
151.75467509178185, 59.711050895198795
152.96932090713696, 58.6167564774554
154.33511446655172, 57.718172768207815
155.820809666063, 57.03585722272091
157.39241733773144, 56.58541959572152
159.01398284085775, 56.37716482738534
160.64840924940322, 56.41584729714198
162.25830716470975, 56.70058126377679
163.80684609390028, 57.224863548662995
165.25859915416444, 57.97669982171558
166.5803536928747, 58.93888985952661
167.7639255863926, 60.06816159312234
169.0256970661222, 61.10844319580637
170.4106780977156, 61.97797216143568
171.89590676218668, 62.662332369349116
173.4567591119929, 63.1501776542975
175.0673574171235, 63.43341991712626
176.70099919793583, 63.50736321923107
178.33059993170536, 63.37078163760376
179.92914209315552, 63.025939589691795
181.470123084222, 62.478554291100664
182.92799462671985, 61.73770096856181
184.27858633312218, 60.815662399661825
185.49950643297274, 59.72772527384858
186.57051301119705, 58.4919267508918
187.47384960346687, 57.12875541866379
188.19453958470524, 55.660811608129976
188.88679650472753, 54.17952016039364
189.79190411538596, 52.81804120624408
190.89199707868408, 51.60864457917505
192.16190788752436, 50.57899839380136
193.57258400692933, 49.75265850271264
195.09175252685236, 49.148529594665
196.68465848950075, 48.78043270032437
198.31486, 48.656789
199.94505173927783, 48.78041968391399
201.53795838302335, 49.148513630855994
203.0571280207802, 49.752639727943034
204.46780566918235, 50.57897700881726
205.7377183832033, 51.60862084443806
206.8378135842796, 52.81801543597255
207.74292371411866, 54.17949271537412
208.43518288386383, 55.66078308095732
209.15587146402882, 57.12872757935011
210.05920675522486, 58.49189977376345
211.1302121539458, 59.72769931893757
212.3511312154186, 60.815637610052576
213.70172204178434, 61.737677468018944
215.15959287717706, 62.47853218201706
216.70057334579315, 63.02591895139102
218.2991151781095, 63.37076252502494
219.92871578151852, 63.50734566201801
221.56235763290502, 63.43340391913603
223.17295620837433, 63.15016319353644
224.73380902380177, 62.662319398337495
226.21903834145704, 61.97796060799487
227.6040202029682, 61.1084329642555
228.8657926755898, 60.06815256586463
230.04932547400207, 58.93883909680617
231.37102644839018, 57.976575482319205
232.82273765390286, 57.22465839563148
234.37124739544956, 56.700289908974455
235.98112945796376, 56.41546632452433
237.61555320860649, 56.376719341860365

